20
3 3 0 0 4 4 7 7 -9 -9 8 8 5 5 9 9 -5 -5 -7 3
10
-5 -5 7 7 -4 -4 -5 -5 9 4
8
-10 -10 7 7 -5 -5 1 -3
2
-7 -4
16
5 5 0 0 6 6 9 9 -6 -6 -9 -9 10 10 -3 -1
6
-1 -1 8 8 -8 8
14
-6 -6 -9 -9 -9 -9 -8 -8 7 7 2 2 -6 -1
8
0 0 10 10 3 3 3 2
10
7 7 -4 -4 4 4 4 4 2 -5
4
1 1 1 3
12
10 10 -2 -2 -9 -9 -4 -4 -7 -7 -7 -1
6
-3 -3 -10 -10 0 -8
4
-8 -8 -10 5
8
-4 -4 5 5 6 6 4 3
2
10 7
4
-4 -4 10 1
6
-5 -5 -4 -4 -4 10
16
3 3 7 7 -1 -1 4 4 0 0 6 6 10 10 -1 -10
18
-3 -3 -5 -5 7 7 8 8 10 10 -6 -6 8 8 -9 -9 -4 -8
18
-9 -9 -7 -7 10 10 -6 -6 -1 -1 3 3 8 8 2 2 -4 -6
6
-5 -5 -2 -2 -10 5
8
-10 -10 8 8 8 8 -8 1
4
3 3 2 -3
12
-2 -2 10 10 6 6 -3 -3 -2 -2 -10 -4
18
10 10 -7 -7 -4 -4 1 1 -6 -6 10 10 -10 -10 6 6 -7 -6
16
-10 -10 -1 -1 8 8 -2 -2 4 4 -6 -6 -7 -7 8 5
4
1 1 -3 -5
4
8 8 -8 -3
14
10 10 4 4 8 8 -3 -3 5 5 -9 -9 5 -5
10
-1 -1 2 2 -2 -2 -3 -3 0 4
2
-4 6
12
2 2 -10 -10 -7 -7 -4 -4 -1 -1 6 -5
12
3 3 -2 -2 9 9 10 10 -2 -2 9 -8
20
2 2 8 8 0 0 -4 -4 10 10 7 7 6 6 -9 -9 -1 -1 -6 6
4
-5 -5 7 3
12
1 1 0 0 8 8 -2 -2 2 2 6 -6
16
6 6 -7 -7 -4 -4 5 5 -2 -2 8 8 2 2 9 -1
16
-10 -10 -1 -1 -10 -10 0 0 -3 -3 -10 -10 2 2 -6 -5
2
-5 10
20
9 9 -7 -7 7 7 -8 -8 4 4 -7 -7 10 10 -6 -6 -7 -7 2 -10
18
-5 -5 -5 -5 -5 -5 4 4 4 4 8 8 9 9 -5 -5 4 3
14
-9 -9 -9 -9 2 2 10 10 5 5 7 7 9 4
6
-6 -6 -5 -5 7 -8
4
5 5 5 -4
2
9 -4
20
4 4 1 1 -4 -4 -1 -1 -8 -8 8 8 -9 -9 -6 -6 -2 -2 -9 10
12
-2 -2 5 5 1 1 -4 -4 -7 -7 1 2
2
9 -2
8
-1 -1 8 8 -5 -5 6 -8
16
-5 -5 -5 -5 -6 -6 7 7 -8 -8 10 10 -4 -4 1 0
4
10 10 -3 -7
6
2 2 -4 -4 10 3
12
6 6 -4 -4 -6 -6 -6 -6 -7 -7 4 -8
14
-10 -10 -7 -7 10 10 2 2 -9 -9 10 10 1 -8
18
8 8 -5 -5 -1 -1 0 0 -6 -6 2 2 6 6 -2 -2 -5 5
4
6 6 10 2
20
-4 -4 6 6 -6 -6 -5 -5 4 4 -1 -1 -8 -8 0 0 -6 -6 -4 -2
12
7 7 -3 -3 -3 -3 -3 -3 0 0 7 0
2
-7 3
14
10 10 -1 -1 3 3 7 7 -9 -9 6 6 0 -6
16
1 1 -8 -8 -9 -9 -9 -9 -6 -6 -5 -5 1 1 2 -10
4
3 3 4 9
18
-5 -5 -10 -10 9 9 7 7 -6 -6 2 2 0 0 10 10 -9 4
4
-8 -8 7 -2
8
10 10 1 1 1 1 -3 -9
2
-2 -5
6
4 4 9 9 1 -4
6
-9 -9 5 5 -5 -9
14
3 3 -6 -6 2 2 7 7 7 7 3 3 -1 -5
14
7 7 -6 -6 6 6 0 0 4 4 -2 -2 1 -8
18
-9 -9 7 7 -4 -4 9 9 -5 -5 -10 -10 -1 -1 3 3 -1 -9
18
3 3 -6 -6 8 8 -1 -1 4 4 5 5 -10 -10 -10 -10 -6 1
14
3 3 2 2 -9 -9 7 7 -5 -5 4 4 3 -10
20
-1 -1 2 2 0 0 3 3 6 6 -9 -9 6 6 5 5 10 10 0 -1
2
4 -4
8
2 2 -2 -2 -2 -2 5 -7
8
-2 -2 -10 -10 -6 -6 2 -8
6
1 1 -5 -5 -9 2
18
-1 -1 -7 -7 4 4 2 2 4 4 8 8 4 4 6 6 9 8
20
-8 -8 2 2 2 2 -4 -4 -9 -9 4 4 7 7 9 9 6 6 -4 -5
20
0 0 -6 -6 -3 -3 8 8 3 3 -6 -6 0 0 10 10 8 8 10 7
18
-7 -7 7 7 -4 -4 2 2 4 4 10 10 10 10 2 2 -3 -5
10
-2 -2 0 0 -2 -2 1 1 3 1
8
3 3 7 7 -9 -9 -2 2
10
-7 -7 -6 -6 -10 -10 -7 -7 6 -4
18
-6 -6 2 2 7 7 8 8 -3 -3 -4 -4 3 3 -10 -10 -6 -2
16
2 2 -8 -8 1 1 -6 -6 -7 -7 10 10 -5 -5 4 0
14
4 4 0 0 5 5 2 2 3 3 -7 -7 1 -10
6
-6 -6 2 2 7 1
20
-5 -5 10 10 7 7 2 2 0 0 9 9 9 9 8 8 1 1 -9 5
6
6 6 5 5 6 3
6
-3 -3 -4 -4 10 -6
2
10 -9
6
-5 -5 -7 -7 -3 2
10
2 2 -6 -6 -3 -3 9 9 -5 6
16
4 4 -8 -8 7 7 -4 -4 -3 -3 10 10 -6 -6 -1 1
4
8 8 -1 1
8
7 7 1 1 8 8 8 -9
18
2 2 0 0 -6 -6 2 2 -1 -1 7 7 -4 -4 -1 -1 -4 3
18
9 9 -6 -6 8 8 2 2 6 6 1 1 -9 -9 -9 -9 7 8
16
9 9 6 6 3 3 7 7 7 7 8 8 10 10 -4 -3
8
-3 -3 7 7 3 3 9 8
8
4 4 -3 -3 4 4 9 10
14
-2 -2 -5 -5 -6 -6 7 7 -10 -10 4 4 -3 -7
10
-4 -4 -1 -1 5 5 2 2 -9 -8
12
10 10 3 3 -4 -4 -3 -3 -6 -6 10 3
20
-8 -8 3 3 -4 -4 -6 -6 -8 -8 8 8 -3 -3 -3 -3 -4 -4 -2 -4
10
-6 -6 2 2 -8 -8 10 10 1 -7
8
4 4 4 4 -9 -9 -1 0
20
9 9 4 4 8 8 -9 -9 -8 -8 -9 -9 -5 -5 1 1 3 3 1 -6
8
6 6 -3 -3 8 8 9 -1
16
8 8 6 6 3 3 -9 -9 9 9 7 7 3 3 -6 -10
18
-5 -5 0 0 -8 -8 -9 -9 8 8 -8 -8 10 10 1 1 4 -6
4
-6 -6 -6 8
16
-10 -10 5 5 -1 -1 8 8 -4 -4 5 5 -8 -8 7 4
4
0 0 7 0
8
0 0 -1 -1 8 8 2 -2
2
-9 6
4
-4 -4 1 9
20
2 2 -3 -3 -2 -2 -7 -7 -5 -5 -7 -7 6 6 -5 -5 9 9 7 -2
8
0 0 3 3 -4 -4 -6 0
16
-5 -5 -1 -1 -4 -4 10 10 8 8 9 9 -1 -1 -7 7
18
6 6 10 10 -4 -4 5 5 -3 -3 9 9 9 9 -6 -6 -2 0
6
6 6 4 4 -2 3
14
3 3 -6 -6 -2 -2 -4 -4 2 2 -6 -6 -3 -2
18
-6 -6 6 6 3 3 0 0 0 0 1 1 6 6 8 8 10 9
10
-6 -6 0 0 5 5 -1 -1 5 -1
18
-2 -2 -9 -9 -4 -4 -3 -3 10 10 -1 -1 3 3 1 1 1 -10
12
-2 -2 -4 -4 3 3 10 10 -7 -7 9 2
6
3 3 6 6 -5 -1
18
-2 -2 6 6 4 4 3 3 -9 -9 3 3 1 1 -10 -10 -3 4
10
7 7 0 0 9 9 -8 -8 -7 -10
18
4 4 5 5 -1 -1 -1 -1 2 2 9 9 2 2 8 8 -9 -10
4
-10 -10 4 -10
16
7 7 -4 -4 -4 -4 1 1 5 5 7 7 7 7 4 6
10
-8 -8 4 4 3 3 -5 -5 0 2
12
-2 -2 6 6 6 6 -8 -8 -5 -5 2 7
12
-10 -10 -8 -8 -3 -3 -10 -10 3 3 8 2
18
-4 -4 6 6 -9 -9 -1 -1 4 4 -1 -1 -8 -8 10 10 -8 4
12
-6 -6 5 5 -3 -3 3 3 -9 -9 1 0
10
2 2 -6 -6 10 10 0 0 -4 9
12
-8 -8 5 5 -7 -7 9 9 -9 -9 3 -2
2
-1 -7
16
10 10 -2 -2 -9 -9 -5 -5 2 2 2 2 -5 -5 1 4
20
-8 -8 8 8 -1 -1 3 3 5 5 -1 -1 -4 -4 -8 -8 -9 -9 -7 -10
2
0 6
14
-8 -8 -3 -3 -2 -2 -9 -9 9 9 -10 -10 -6 -3
6
-5 -5 2 2 6 1
20
-1 -1 2 2 5 5 3 3 7 7 8 8 10 10 3 3 -4 -4 3 2
14
9 9 7 7 -4 -4 9 9 -7 -7 0 0 -3 7
18
3 3 -3 -3 1 1 -6 -6 6 6 5 5 3 3 8 8 5 8
16
8 8 6 6 9 9 -3 -3 2 2 9 9 1 1 10 1
8
-8 -8 0 0 -1 -1 5 -10
2
-5 2
14
-9 -9 -2 -2 8 8 -9 -9 8 8 3 3 8 -3
18
-6 -6 9 9 7 7 -7 -7 0 0 -7 -7 1 1 3 3 5 -3
8
-6 -6 9 9 -10 -10 -3 4
8
-8 -8 10 10 9 9 7 -10
2
-1 -6
14
-4 -4 -5 -5 4 4 -10 -10 -5 -5 -7 -7 10 -6
10
-10 -10 -1 -1 10 10 -7 -7 -7 7
10
2 2 7 7 -5 -5 3 3 2 -4
4
2 2 6 1
6
-1 -1 -7 -7 -4 7
16
2 2 -5 -5 -10 -10 2 2 9 9 0 0 -6 -6 3 6
14
-1 -1 -2 -2 -6 -6 1 1 5 5 -8 -8 -3 -1
20
-3 -3 -5 -5 -6 -6 -9 -9 2 2 3 3 2 2 -8 -8 5 5 7 8
2
6 9
18
0 0 -6 -6 -1 -1 -7 -7 -9 -9 -3 -3 -3 -3 9 9 3 -3
12
4 4 -3 -3 0 0 -7 -7 -8 -8 1 6
8
-10 -10 -3 -3 9 9 7 6
18
-6 -6 -3 -3 2 2 2 2 -10 -10 -2 -2 9 9 1 1 7 6
4
-8 -8 8 -7
20
1 1 -1 -1 0 0 7 7 5 5 -8 -8 6 6 -5 -5 -9 -9 10 -1
20
-8 -8 4 4 4 4 -9 -9 2 2 -6 -6 4 4 -3 -3 1 1 -6 -3
14
-6 -6 8 8 -4 -4 -8 -8 -7 -7 -6 -6 9 10
6
7 7 9 9 0 8
16
9 9 10 10 -1 -1 5 5 -8 -8 -7 -7 10 10 -2 0
18
1 1 8 8 1 1 -3 -3 4 4 -3 -3 3 3 -10 -10 -4 -5
2
6 -4
8
2 2 -5 -5 -6 -6 1 3
6
-6 -6 2 2 9 4
4
3 3 7 2
8
-7 -7 4 4 6 6 -3 7
10
10 10 3 3 1 1 0 0 0 6
8
-2 -2 -9 -9 -6 -6 -6 -8
8
8 8 8 8 2 2 5 2
2
4 -10
10
-4 -4 7 7 -6 -6 -1 -1 -5 -1
18
-5 -5 -9 -9 4 4 0 0 -5 -5 -3 -3 -1 -1 3 3 -6 -3
6
-3 -3 2 2 -7 -6
10
-9 -9 1 1 7 7 -8 -8 -6 -3
10
-2 -2 -10 -10 8 8 3 3 6 10
18
3 3 2 2 -4 -4 -6 -6 -5 -5 -5 -5 -8 -8 -8 -8 -2 -1
2
6 3
8
-1 -1 10 10 -7 -7 5 7
8
-9 -9 1 1 8 8 -5 1
2
7 -7
4
-4 -4 -7 -8
20
0 0 5 5 0 0 -1 -1 -7 -7 0 0 -10 -10 3 3 9 9 -1 6
14
1 1 -5 -5 5 5 -9 -9 -3 -3 3 3 -3 6
8
5 5 -3 -3 4 4 -5 1
8
7 7 0 0 -6 -6 5 -8
8
-6 -6 10 10 -9 -9 5 -10
10
-8 -8 -3 -3 9 9 -4 -4 3 -7
2
-10 0
6
-8 -8 -3 -3 -4 -7
4
5 5 6 -4
10
-1 -1 8 8 4 4 2 2 -6 6
6
2 2 8 8 -2 -9
16
2 2 -7 -7 -4 -4 5 5 -10 -10 6 6 -3 -3 -4 10
8
1 1 -1 -1 -1 -1 -9 -8
10
-1 -1 8 8 -10 -10 5 5 4 -5
6
9 9 1 1 0 6
6
-7 -7 4 4 0 8
14
10 10 3 3 5 5 10 10 -4 -4 10 10 -6 3
14
3 3 -10 -10 -4 -4 9 9 7 7 4 4 9 -5
12
7 7 -8 -8 1 1 6 6 5 5 -2 -1
8
-4 -4 -9 -9 -3 -3 9 6
6
-6 -6 5 5 9 -3
8
10 10 -7 -7 6 6 -6 -9
20
-5 -5 -5 -5 1 1 9 9 3 3 -9 -9 -7 -7 -5 -5 1 1 9 3
8
6 6 -2 -2 2 2 -6 6
14
1 1 9 9 6 6 0 0 -7 -7 -8 -8 -1 -4
12
3 3 2 2 -10 -10 1 1 5 5 0 -7
8
1 1 -10 -10 3 3 -5 6
16
-5 -5 7 7 1 1 1 1 -1 -1 -9 -9 -10 -10 -4 -2
8
-4 -4 1 1 9 9 -4 5
2
-7 7
20
-9 -9 10 10 8 8 1 1 -1 -1 2 2 -2 -2 2 2 -3 -3 3 -1
6
6 6 -3 -3 -3 -7
14
4 4 6 6 6 6 -4 -4 -8 -8 -6 -6 2 10
14
8 8 2 2 -1 -1 -1 -1 -1 -1 -3 -3 4 5
2
7 5
16
9 9 6 6 -9 -9 -5 -5 9 9 5 5 4 4 6 -10
10
6 6 -1 -1 -3 -3 6 6 -4 -1
16
4 4 -4 -4 7 7 -1 -1 5 5 7 7 3 3 -3 -10
18
7 7 -5 -5 -5 -5 -6 -6 3 3 -2 -2 -1 -1 2 2 -2 1
20
5 5 -2 -2 9 9 -6 -6 -10 -10 0 0 -1 -1 1 1 -4 -4 7 0
4
-10 -10 -7 -9
18
-2 -2 -6 -6 -8 -8 -6 -6 1 1 5 5 1 1 3 3 7 5
16
2 2 -4 -4 0 0 -9 -9 6 6 -5 -5 -1 -1 9 3
20
9 9 -2 -2 6 6 -9 -9 -8 -8 -9 -9 1 1 -2 -2 10 10 9 5
6
2 2 5 5 8 -10
6
-1 -1 -9 -9 -7 0
6
-8 -8 -1 -1 3 -8
10
-9 -9 5 5 -4 -4 0 0 -1 3
10
0 0 -6 -6 0 0 -1 -1 -6 -4
6
4 4 -10 -10 3 -10
10
0 0 8 8 -7 -7 -9 -9 -10 2
16
-4 -4 -5 -5 6 6 -7 -7 6 6 7 7 2 2 -2 -8
6
-2 -2 5 5 0 2
6
-10 -10 1 1 -9 -2
20
8 8 10 10 -5 -5 6 6 8 8 7 7 -7 -7 4 4 9 9 5 -7
14
7 7 -10 -10 9 9 2 2 6 6 6 6 8 9
6
-5 -5 -8 -8 -9 4
18
6 6 -6 -6 1 1 4 4 7 7 2 2 -1 -1 8 8 -3 -1
14
4 4 2 2 0 0 -10 -10 -1 -1 9 9 -8 7
6
-7 -7 10 10 10 -10
2
-4 9
12
7 7 -2 -2 -8 -8 -8 -8 -4 -4 8 -2
2
9 6
8
8 8 -1 -1 -9 -9 -1 -2
16
-7 -7 -8 -8 -10 -10 -8 -8 -8 -8 -10 -10 -10 -10 9 -6
10
-3 -3 3 3 -9 -9 4 4 1 4
6
6 6 -10 -10 0 10
4
2 2 -1 4
4
8 8 -3 8
18
3 3 7 7 -8 -8 6 6 4 4 1 1 7 7 -5 -5 -2 -9
14
-1 -1 3 3 1 1 -4 -4 8 8 -10 -10 -6 8
12
-1 -1 -2 -2 10 10 2 2 5 5 -9 5
14
-2 -2 -1 -1 8 8 -10 -10 -2 -2 -8 -8 4 3
16
-9 -9 -10 -10 8 8 5 5 -3 -3 -9 -9 3 3 -6 -5
14
10 10 2 2 -6 -6 8 8 -4 -4 5 5 7 -6
14
10 10 -9 -9 3 3 -2 -2 8 8 -2 -2 0 10
6
8 8 2 2 -6 1
4
-7 -7 8 -5
6
2 2 -6 -6 -5 2
12
8 8 9 9 -7 -7 8 8 4 4 8 10
2
2 6
6
-9 -9 -5 -5 0 -8
4
3 3 -5 3
10
-6 -6 -3 -3 1 1 0 0 9 2
20
-5 -5 2 2 0 0 7 7 4 4 -9 -9 3 3 -10 -10 5 5 -4 8
6
4 4 10 10 8 -2
2
9 -2
4
-6 -6 -5 5
6
9 9 -8 -8 8 -3
6
3 3 -4 -4 -1 -9
14
-8 -8 1 1 10 10 2 2 -3 -3 2 2 -9 7
12
-7 -7 2 2 4 4 9 9 -7 -7 10 -2
18
6 6 -2 -2 -10 -10 -4 -4 -10 -10 3 3 -8 -8 -9 -9 5 -9
18
-1 -1 7 7 -7 -7 5 5 2 2 8 8 -7 -7 -6 -6 -1 -7
14
-10 -10 -9 -9 -2 -2 -1 -1 -6 -6 4 4 1 -6
12
-6 -6 3 3 -5 -5 10 10 -3 -3 -10 6
8
-1 -1 5 5 -3 -3 3 -2
10
-2 -2 -5 -5 -2 -2 4 4 -2 -4
12
-7 -7 -7 -7 0 0 7 7 -9 -9 4 -8
6
0 0 7 7 -10 -1
18
5 5 -3 -3 6 6 -2 -2 8 8 -10 -10 -3 -3 -2 -2 4 -8
4
2 2 6 -9
20
4 4 10 10 -6 -6 3 3 3 3 1 1 -8 -8 2 2 5 5 -6 -2
10
3 3 1 1 -8 -8 -3 -3 10 -5
20
-7 -7 -10 -10 7 7 -10 -10 1 1 3 3 -1 -1 1 1 5 5 4 1
18
9 9 -2 -2 5 5 7 7 0 0 -7 -7 9 9 3 3 -4 -6
20
8 8 -4 -4 -7 -7 8 8 -5 -5 -8 -8 1 1 -5 -5 8 8 4 -5
18
-3 -3 -5 -5 -7 -7 7 7 -3 -3 -8 -8 7 7 -4 -4 -8 0
8
-4 -4 2 2 -3 -3 -5 6
8
0 0 -7 -7 4 4 1 5
4
1 1 5 0
2
-7 3
14
-4 -4 9 9 -7 -7 -2 -2 -7 -7 10 10 -1 9
16
3 3 -8 -8 9 9 -6 -6 3 3 5 5 -5 -5 2 -10
18
7 7 10 10 5 5 8 8 -5 -5 -8 -8 -7 -7 -3 -3 5 -4
20
8 8 3 3 9 9 -2 -2 8 8 0 0 5 5 9 9 6 6 7 0
14
4 4 -9 -9 3 3 2 2 7 7 -2 -2 -1 10
10
-4 -4 -6 -6 10 10 3 3 3 -7
18
3 3 8 8 7 7 2 2 -2 -2 -5 -5 2 2 0 0 -1 0
12
7 7 -9 -9 -7 -7 -10 -10 0 0 5 8
2
-3 8
12
7 7 8 8 -9 -9 -7 -7 7 7 -2 7
14
-6 -6 -5 -5 3 3 -5 -5 1 1 2 2 -8 8
20
5 5 -8 -8 -8 -8 -7 -7 -7 -7 7 7 7 7 -10 -10 -4 -4 7 -5
20
0 0 3 3 -4 -4 6 6 -9 -9 -4 -4 9 9 3 3 1 1 1 -8
12
7 7 7 7 10 10 1 1 7 7 10 1
8
-2 -2 10 10 -2 -2 -7 9
20
-10 -10 -3 -3 2 2 3 3 10 10 10 10 10 10 -3 -3 1 1 2 -8
2
10 0
20
10 10 -1 -1 9 9 5 5 -7 -7 9 9 -3 -3 -1 -1 7 7 -5 -8
12
-7 -7 9 9 1 1 -7 -7 10 10 2 -1
8
-4 -4 0 0 -10 -10 9 7
20
-8 -8 -6 -6 9 9 6 6 10 10 5 5 6 6 9 9 10 10 -9 1
8
8 8 -4 -4 1 1 -2 -8
12
-1 -1 -2 -2 4 4 -2 -2 -2 -2 9 4
2
-5 3
2
-2 9
18
-9 -9 -9 -9 -9 -9 -1 -1 8 8 3 3 5 5 7 7 5 10
6
-10 -10 0 0 -2 -8
8
-3 -3 3 3 -10 -10 5 8
4
-6 -6 -5 -1
18
-5 -5 -10 -10 -8 -8 -6 -6 10 10 3 3 5 5 -10 -10 7 4
18
-2 -2 -1 -1 -2 -2 9 9 1 1 6 6 -8 -8 10 10 -4 8
14
7 7 -4 -4 -1 -1 -7 -7 10 10 1 1 1 -6
14
0 0 -9 -9 2 2 5 5 -1 -1 -6 -6 -7 -8
4
8 8 5 0
14
9 9 3 3 -9 -9 1 1 -4 -4 -10 -10 -7 6
18
-10 -10 0 0 -4 -4 -9 -9 10 10 -8 -8 9 9 9 9 -8 -1
2
-7 2
18
5 5 10 10 -5 -5 -8 -8 8 8 -3 -3 -3 -3 -6 -6 -8 0
4
-6 -6 9 0
6
-6 -6 8 8 -5 1
18
9 9 4 4 -3 -3 6 6 -1 -1 0 0 4 4 8 8 10 1
2
4 -5
6
-1 -1 5 5 6 0
14
3 3 9 9 -5 -5 0 0 4 4 -1 -1 9 7
12
-4 -4 6 6 -5 -5 4 4 -7 -7 -9 8
2
-6 -1
16
-6 -6 -2 -2 6 6 -10 -10 -2 -2 4 4 -1 -1 3 -6
4
-9 -9 -3 -5
16
-10 -10 5 5 -10 -10 10 10 -1 -1 -9 -9 0 0 1 -10
12
0 0 -6 -6 -4 -4 -4 -4 10 10 2 6
8
-1 -1 1 1 -1 -1 0 6
6
7 7 -1 -1 -10 -8
6
5 5 -5 -5 10 2
8
-3 -3 -7 -7 6 6 -9 8
4
8 8 1 10
10
7 7 3 3 -4 -4 -9 -9 10 -3
20
-1 -1 9 9 5 5 -7 -7 7 7 9 9 -1 -1 -5 -5 -1 -1 -5 -7
14
7 7 0 0 6 6 2 2 7 7 0 0 -4 0
8
-6 -6 1 1 3 3 -1 3
20
-3 -3 -2 -2 4 4 -2 -2 -7 -7 -5 -5 -4 -4 8 8 -8 -8 8 5
6
-8 -8 1 1 -10 -6
18
-8 -8 10 10 -1 -1 -10 -10 -3 -3 -6 -6 -10 -10 9 9 -8 1
4
2 2 -8 -10
12
-5 -5 -4 -4 -2 -2 7 7 -10 -10 -3 -1
14
-9 -9 -9 -9 10 10 -4 -4 -1 -1 -6 -6 2 -5
18
8 8 -7 -7 5 5 0 0 3 3 8 8 -3 -3 -1 -1 1 10
12
-8 -8 -10 -10 -10 -10 -2 -2 1 1 -5 -6
2
1 0
12
-5 -5 9 9 5 5 6 6 -8 -8 -2 -3
2
-8 8
4
7 7 -1 5
20
6 6 -9 -9 4 4 9 9 6 6 4 4 -10 -10 -4 -4 -5 -5 0 1
14
10 10 -4 -4 7 7 2 2 -2 -2 8 8 6 -8
10
-3 -3 -10 -10 -7 -7 -10 -10 0 5
4
0 0 6 -7
4
8 8 -4 -2
10
-10 -10 -7 -7 -5 -5 2 2 -3 8
12
3 3 8 8 3 3 9 9 -4 -4 -4 4
20
-3 -3 -7 -7 -7 -7 1 1 -8 -8 6 6 9 9 9 9 -9 -9 -6 2
12
10 10 7 7 4 4 7 7 -6 -6 9 -1
6
3 3 -5 -5 -6 -10
18
0 0 -7 -7 -3 -3 -1 -1 -9 -9 1 1 10 10 9 9 -6 -5
6
-5 -5 9 9 -6 0
2
2 6
12
8 8 -2 -2 -6 -6 -8 -8 3 3 0 -9
12
0 0 6 6 3 3 7 7 -1 -1 8 6
14
-4 -4 -6 -6 5 5 -1 -1 -9 -9 1 1 6 -1
18
7 7 -3 -3 1 1 6 6 2 2 -3 -3 0 0 6 6 -5 6
10
10 10 -1 -1 6 6 10 10 9 5
16
8 8 0 0 4 4 2 2 -2 -2 0 0 10 10 -5 -7
8
9 9 7 7 -7 -7 4 2
18
-4 -4 0 0 -9 -9 -9 -9 -8 -8 1 1 4 4 -8 -8 -8 6
6
-10 -10 -3 -3 -10 -4
20
-10 -10 -10 -10 4 4 6 6 3 3 -2 -2 1 1 -10 -10 -4 -4 -5 4
8
-2 -2 -4 -4 -7 -7 -4 3
14
5 5 0 0 1 1 10 10 7 7 2 2 9 -8
4
0 0 1 7
12
5 5 6 6 5 5 6 6 2 2 -6 6
18
-8 -8 -9 -9 9 9 -10 -10 -7 -7 2 2 1 1 -4 -4 8 4
10
5 5 -3 -3 8 8 -10 -10 -9 -6
10
10 10 -7 -7 -7 -7 -7 -7 -9 -10
10
6 6 -9 -9 1 1 0 0 -10 8
4
4 4 10 -3
8
-9 -9 -1 -1 -8 -8 -9 10
4
8 8 -6 10
20
-6 -6 -8 -8 -3 -3 -1 -1 0 0 -2 -2 -9 -9 9 9 -7 -7 -6 4
8
8 8 -2 -2 6 6 7 6
20
-1 -1 -4 -4 -8 -8 0 0 10 10 -7 -7 -4 -4 -10 -10 -5 -5 5 2
16
0 0 -8 -8 10 10 -4 -4 3 3 -2 -2 7 7 9 -9
2
-5 9
18
-6 -6 -1 -1 -3 -3 -8 -8 -10 -10 8 8 -6 -6 7 7 6 -2
6
-8 -8 -1 -1 -1 -10
20
8 8 2 2 -3 -3 -7 -7 -5 -5 -8 -8 1 1 -4 -4 3 3 -6 9
10
-3 -3 4 4 -1 -1 -6 -6 10 6
6
8 8 -8 -8 2 8
18
2 2 -10 -10 5 5 -1 -1 -9 -9 4 4 1 1 -8 -8 5 -5
2
-3 -4
4
2 2 6 10
14
4 4 -7 -7 -7 -7 9 9 -7 -7 -1 -1 -9 1
2
-3 -7
12
7 7 6 6 6 6 3 3 -6 -6 -2 -6
16
-9 -9 -4 -4 3 3 5 5 -1 -1 2 2 -2 -2 -5 1
4
3 3 -1 -7
8
-1 -1 -5 -5 0 0 1 -3
2
2 -2
8
4 4 8 8 7 7 -6 9
8
0 0 9 9 -3 -3 -8 5
20
7 7 6 6 -9 -9 -8 -8 -1 -1 7 7 -10 -10 2 2 5 5 -2 -7
6
5 5 6 6 6 3
4
-10 -10 4 5
16
-1 -1 6 6 3 3 7 7 0 0 -1 -1 -10 -10 -5 4
16
9 9 5 5 2 2 2 2 10 10 -3 -3 6 6 2 5
18
-5 -5 -2 -2 -8 -8 9 9 -8 -8 2 2 -2 -2 7 7 -3 1
20
-10 -10 0 0 -6 -6 6 6 -4 -4 9 9 -6 -6 8 8 8 8 -10 0
10
-8 -8 -4 -4 8 8 9 9 -6 -5
10
3 3 8 8 2 2 6 6 0 -6
6
-3 -3 -2 -2 -10 7
6
-8 -8 -8 -8 -4 1
16
3 3 8 8 -8 -8 2 2 -10 -10 1 1 -2 -2 5 -1
12
0 0 -6 -6 3 3 2 2 -8 -8 8 -1
6
-4 -4 -10 -10 -8 -4
18
-8 -8 1 1 8 8 8 8 -1 -1 -1 -1 -10 -10 2 2 6 2
4
3 3 10 -1
6
6 6 7 7 -8 3
6
-1 -1 3 3 10 -4
6
2 2 -7 -7 -10 -3
18
-10 -10 -3 -3 -2 -2 -4 -4 1 1 -4 -4 5 5 -1 -1 -3 -2
14
0 0 7 7 1 1 7 7 10 10 6 6 -1 1
4
-5 -5 9 10
10
-7 -7 -9 -9 -7 -7 -9 -9 7 8
4
-9 -9 -10 9
6
-4 -4 -10 -10 -8 -1
10
-5 -5 -7 -7 0 0 -7 -7 -7 4
4
7 7 -5 4
14
-2 -2 -5 -5 -6 -6 9 9 -5 -5 3 3 5 -2
18
10 10 2 2 9 9 4 4 9 9 9 9 -8 -8 -7 -7 6 1
10
-6 -6 1 1 -6 -6 7 7 -7 2
6
-2 -2 6 6 -4 6
18
-4 -4 9 9 -9 -9 1 1 8 8 -10 -10 -5 -5 1 1 2 6
12
-6 -6 9 9 2 2 -8 -8 4 4 -3 6
16
-1 -1 -4 -4 8 8 -3 -3 6 6 3 3 3 3 4 8
4
8 8 4 8
18
0 0 6 6 -7 -7 9 9 8 8 -10 -10 -1 -1 -7 -7 -3 -6
12
4 4 4 4 -8 -8 -9 -9 -8 -8 8 -4
10
-3 -3 2 2 3 3 6 6 -6 3
20
0 0 -10 -10 2 2 5 5 1 1 1 1 10 10 3 3 0 0 -10 -8
4
-3 -3 1 -9
20
8 8 -3 -3 -8 -8 -1 -1 -2 -2 -1 -1 -2 -2 3 3 10 10 -10 -9
8
9 9 6 6 2 2 -1 3
12
6 6 -6 -6 0 0 9 9 3 3 -10 -1
2
1 -4
4
6 6 -4 -8
4
-8 -8 9 -9
14
-6 -6 5 5 -7 -7 -6 -6 -4 -4 10 10 2 -8
4
-5 -5 6 -3
10
7 7 -8 -8 8 8 10 10 0 7
16
-3 -3 5 5 -3 -3 4 4 -1 -1 -3 -3 -5 -5 7 -2
10
-7 -7 -7 -7 -5 -5 0 0 -8 -6
18
10 10 -7 -7 7 7 4 4 -7 -7 1 1 7 7 10 10 -7 -6
12
10 10 -3 -3 -10 -10 4 4 8 8 -10 -8
6
0 0 3 3 5 2
4
-1 -1 -1 6
6
8 8 -1 -1 -9 -4
18
9 9 4 4 8 8 -8 -8 7 7 -1 -1 6 6 4 4 -10 -9
12
2 2 9 9 7 7 10 10 9 9 -10 -2
20
1 1 -10 -10 -1 -1 -4 -4 9 9 -2 -2 -1 -1 -10 -10 4 4 -7 3
4
-9 -9 -7 -2
6
-7 -7 -4 -4 9 7
14
10 10 -6 -6 8 8 10 10 -10 -10 6 6 -3 -2
2
4 -2
6
7 7 2 2 -10 9
2
7 3
6
7 7 -8 -8 -9 5
18
-4 -4 -8 -8 3 3 -10 -10 8 8 -8 -8 8 8 -7 -7 7 6
2
-10 -3
2
-9 1
8
3 3 -1 -1 -3 -3 2 6
14
-2 -2 7 7 -9 -9 4 4 -7 -7 -4 -4 -4 -1
4
9 9 8 -2
4
-4 -4 -7 4
18
7 7 6 6 6 6 5 5 -4 -4 4 4 2 2 -2 -2 -8 5
20
-6 -6 -4 -4 -7 -7 8 8 1 1 -3 -3 -1 -1 -6 -6 -3 -3 -6 6
10
1 1 10 10 7 7 -9 -9 -7 -5
4
-7 -7 -5 -10
10
3 3 4 4 -10 -10 -9 -9 -2 6
4
0 0 -8 -1
14
6 6 -3 -3 -10 -10 -5 -5 -5 -5 -5 -5 10 -4
12
-7 -7 -4 -4 10 10 -3 -3 1 1 3 8
2
7 5
2
-2 3
6
-4 -4 4 4 8 9
14
3 3 10 10 -3 -3 5 5 -6 -6 9 9 7 6
16
-9 -9 5 5 -5 -5 3 3 -8 -8 3 3 -5 -5 -10 -7
16
1 1 -5 -5 -2 -2 -3 -3 -7 -7 -7 -7 3 3 -9 6
4
8 8 3 -5
18
-2 -2 6 6 2 2 10 10 -1 -1 2 2 2 2 -7 -7 6 -1
18
9 9 6 6 -7 -7 2 2 -2 -2 -7 -7 4 4 0 0 3 -8
2
5 -6
2
1 8
20
4 4 2 2 8 8 -7 -7 -4 -4 10 10 2 2 1 1 9 9 7 6
12
9 9 9 9 8 8 -9 -9 -8 -8 -7 -3
10
-7 -7 -4 -4 3 3 3 3 5 0
20
0 0 2 2 -2 -2 -7 -7 -1 -1 1 1 -3 -3 7 7 -2 -2 -5 2
18
10 10 -8 -8 0 0 0 0 5 5 -9 -9 1 1 1 1 -7 2
20
-10 -10 -10 -10 -5 -5 2 2 6 6 -9 -9 -9 -9 -9 -9 -4 -4 2 9
4
-8 -8 -2 2
8
2 2 8 8 6 6 -4 6
20
-2 -2 -1 -1 -5 -5 7 7 9 9 10 10 6 6 -5 -5 -8 -8 -10 4
2
-3 -2
16
5 5 0 0 1 1 -4 -4 4 4 8 8 -5 -5 7 -10
10
10 10 0 0 3 3 7 7 9 -8
6
6 6 -9 -9 0 -1
6
-3 -3 -9 -9 -8 9
18
10 10 -2 -2 0 0 5 5 -7 -7 1 1 5 5 5 5 -7 3
10
3 3 7 7 3 3 1 1 -8 -6
20
-2 -2 -2 -2 9 9 2 2 -8 -8 -10 -10 -3 -3 -5 -5 3 3 -4 6
14
-1 -1 -10 -10 -6 -6 -10 -10 9 9 -6 -6 -3 0
16
5 5 -2 -2 1 1 2 2 -5 -5 -4 -4 -5 -5 -2 -5
14
2 2 -7 -7 -3 -3 0 0 -10 -10 4 4 -6 9
2
6 9
8
-10 -10 -5 -5 8 8 -7 4
8
8 8 8 8 -6 -6 -2 7
20
-2 -2 -8 -8 -5 -5 3 3 -4 -4 -1 -1 -5 -5 4 4 6 6 -5 -2
12
-5 -5 -5 -5 -2 -2 -7 -7 -2 -2 -2 5
18
-4 -4 10 10 -10 -10 -5 -5 -9 -9 -6 -6 0 0 6 6 -1 -8
12
9 9 10 10 -9 -9 -5 -5 -6 -6 10 6
20
8 8 -8 -8 6 6 -7 -7 9 9 -6 -6 -7 -7 8 8 5 5 -10 6
4
5 5 -1 -8
16
-7 -7 9 9 1 1 -4 -4 -4 -4 5 5 7 7 9 6
10
3 3 10 10 -6 -6 -2 -2 6 -4
12
2 2 -9 -9 9 9 -6 -6 -5 -5 4 6
10
-10 -10 -3 -3 0 0 -10 -10 6 8
10
1 1 -6 -6 8 8 -2 -2 0 -1
16
3 3 2 2 -8 -8 1 1 5 5 3 3 -2 -2 -9 -5
4
5 5 -5 -3
8
1 1 -5 -5 -5 -5 -6 -2
8
4 4 5 5 9 9 10 2
18
4 4 9 9 2 2 -9 -9 -2 -2 10 10 5 5 -5 -5 -4 -6
6
-4 -4 6 6 4 10
16
0 0 4 4 -6 -6 1 1 3 3 -3 -3 0 0 -7 -10
16
-5 -5 -10 -10 6 6 -4 -4 2 2 5 5 4 4 3 2
14
7 7 -4 -4 -2 -2 1 1 -6 -6 10 10 -10 10
4
7 7 2 -1
12
1 1 -2 -2 6 6 2 2 -6 -6 8 10
16
-10 -10 -5 -5 -6 -6 -2 -2 -6 -6 -4 -4 6 6 -7 6
2
7 6
4
5 5 7 3
14
9 9 -3 -3 -5 -5 5 5 -10 -10 -8 -8 4 -5
6
-9 -9 -7 -7 2 5
16
-1 -1 -5 -5 -1 -1 -9 -9 -2 -2 5 5 -5 -5 -3 1
2
-7 -8
20
-6 -6 7 7 8 8 9 9 10 10 -4 -4 -1 -1 8 8 4 4 2 8
4
8 8 -3 7
6
-9 -9 8 8 -9 0
20
-2 -2 -10 -10 2 2 -7 -7 1 1 0 0 -8 -8 8 8 5 5 0 -10
8
-2 -2 -6 -6 -2 -2 -6 1
18
-6 -6 5 5 -10 -10 0 0 7 7 -10 -10 0 0 5 5 -2 4
18
3 3 -2 -2 2 2 -5 -5 -1 -1 -5 -5 2 2 -9 -9 -5 8
6
-4 -4 4 4 -10 -8
2
6 -5
16
4 4 7 7 -2 -2 -6 -6 0 0 10 10 -9 -9 8 5
8
-7 -7 5 5 -6 -6 -3 -5
18
-8 -8 10 10 -4 -4 -10 -10 6 6 4 4 -4 -4 9 9 6 8
14
6 6 -1 -1 1 1 -3 -3 -4 -4 2 2 9 6
10
6 6 -8 -8 -5 -5 -9 -9 9 -4
16
3 3 -5 -5 2 2 -9 -9 -6 -6 -5 -5 5 5 -1 -5
4
1 1 2 -3
10
-5 -5 3 3 -10 -10 -6 -6 -8 -9
16
-8 -8 9 9 5 5 0 0 -1 -1 -8 -8 2 2 4 6
12
1 1 -4 -4 1 1 6 6 -9 -9 -6 -7
12
5 5 -1 -1 -9 -9 2 2 -2 -2 2 0
14
-4 -4 -2 -2 -10 -10 -3 -3 6 6 -5 -5 3 10
8
8 8 8 8 -8 -8 -2 8
18
1 1 -8 -8 8 8 -6 -6 -9 -9 -1 -1 -7 -7 7 7 -5 -6
2
2 9
8
-5 -5 -3 -3 10 10 -9 -5
4
-10 -10 -1 -4
16
-6 -6 -3 -3 -9 -9 -2 -2 7 7 -4 -4 -7 -7 -3 4
18
-10 -10 7 7 -4 -4 9 9 9 9 -6 -6 4 4 10 10 3 1
2
7 -2
20
-8 -8 -2 -2 -4 -4 4 4 -7 -7 -6 -6 6 6 3 3 -6 -6 4 8
12
-6 -6 6 6 4 4 -9 -9 -6 -6 3 -7
12
8 8 -5 -5 -1 -1 -4 -4 -6 -6 7 -3
18
-10 -10 9 9 5 5 -7 -7 -5 -5 2 2 -9 -9 -8 -8 -7 2
18
8 8 4 4 7 7 9 9 5 5 -4 -4 -7 -7 -4 -4 9 4
12
-9 -9 10 10 -1 -1 0 0 1 1 3 4
6
-3 -3 3 3 -2 7
18
-1 -1 2 2 -8 -8 -7 -7 9 9 -8 -8 -5 -5 7 7 -2 1
18
2 2 -6 -6 -3 -3 10 10 5 5 -10 -10 10 10 -8 -8 10 -5
2
-1 1
4
-10 -10 6 -9
2
2 -7
8
-10 -10 -5 -5 8 8 -9 -5
18
4 4 -1 -1 -8 -8 10 10 4 4 -5 -5 -3 -3 6 6 2 -1
12
-7 -7 -10 -10 -6 -6 9 9 -9 -9 -4 0
2
6 8
10
-2 -2 6 6 -2 -2 -8 -8 -10 -5
16
4 4 9 9 3 3 1 1 -6 -6 2 2 1 1 1 -8
14
7 7 -8 -8 9 9 -10 -10 -6 -6 10 10 -2 7
14
-8 -8 10 10 1 1 3 3 6 6 -6 -6 9 6
8
-8 -8 5 5 2 2 0 -3
2
-7 -4
14
3 3 3 3 3 3 -2 -2 -9 -9 -9 -9 9 -2
18
10 10 2 2 1 1 10 10 -7 -7 10 10 8 8 -4 -4 9 7
2
-5 5
18
5 5 8 8 4 4 8 8 -6 -6 -4 -4 1 1 9 9 -9 -3
8
0 0 -7 -7 -10 -10 -8 5
8
-4 -4 1 1 5 5 -7 -10
12
-6 -6 1 1 4 4 3 3 -3 -3 6 5
10
8 8 -1 -1 -7 -7 -10 -10 -4 -10
18
7 7 -2 -2 5 5 -6 -6 -1 -1 -3 -3 -4 -4 -1 -1 0 -3
8
7 7 3 3 -1 -1 0 -6
16
-2 -2 -2 -2 -10 -10 -8 -8 1 1 -7 -7 9 9 -6 -10
2
7 6
8
-4 -4 -9 -9 -7 -7 9 -7
20
5 5 3 3 -6 -6 5 5 -9 -9 -6 -6 -8 -8 1 1 -10 -10 3 5
14
2 2 0 0 3 3 -10 -10 2 2 -3 -3 0 -9
12
1 1 9 9 6 6 -4 -4 -4 -4 0 -3
4
10 10 -3 7
6
9 9 -3 -3 2 3
20
9 9 -5 -5 8 8 -8 -8 -9 -9 2 2 -5 -5 -4 -4 7 7 -7 0
14
-4 -4 -1 -1 -6 -6 4 4 -6 -6 8 8 10 4
4
0 0 0 3
20
-7 -7 -6 -6 5 5 10 10 -7 -7 -1 -1 5 5 -2 -2 1 1 10 9
2
-7 -5
6
-2 -2 -5 -5 -1 1
4
-7 -7 1 -3
12
3 3 2 2 -10 -10 7 7 9 9 1 -4
4
7 7 4 -5
10
0 0 -2 -2 -9 -9 -7 -7 -8 -1
4
9 9 -4 -6
2
7 2
8
-10 -10 1 1 2 2 0 10
20
-7 -7 -7 -7 9 9 -9 -9 -3 -3 8 8 -7 -7 8 8 6 6 -8 -5
6
10 10 -2 -2 -3 -8
0
