260
501
136870
762692
401364
470144
301813
538603
412730
561986
254250
106292
28991
30907
28028
36559
34083
34027
17812
33198
37109
27892
42314
12546
34536
22336
11381
44326
61141
25627
19783
20422
83909
25786
39217
102834
59220
30724
34403
53195
62454
40462
65273
63209
33840
95954
45991
43377
17305
32127
47420
34501
60506
50386
38835
29630
58355
14069
10196
27554
18991
20063
20586
17156
17079
72741
23410
91544
393576
442179
439411
530091
270047
238513
393349
424507
113103
65517
61368
56173
1285
1236
1233
1351
1312
